image: labor_floor_0_23_04_04_cleaned_up.pgm
resolution: 0.030000
origin: [-20.010000, -20.010000, 0.000000]
negate: 0
occupied_thresh: 0.65
free_thresh: 0.196

